%condados = [ 8,12,15,20,25,30,35,40,45,508, 12, 15, 20, 25, 30, 35, 40, 45, 508,12,15,20,25,30,35,40,45,50];
%quantile(condados, [ 0.25 0.75])

%ex2 = [5,10,15,20,25,30,35,40,45,50,55,60,65,70,755, 10, 15, 20, 25, 30, 35, 40, 45, 50, 55, 60, 65, 70, 755,10,15,20,25,30,35,40,45,50,55,60,65,70,75];
%resultado = quantile(ex2, [0.3 0.7])

%seguinte = [100,150,200,250,300,350,400,450,500,550,600,650,700100, 150, 200, 250, 300, 350, 400, 450, 500, 550, 600, 650, 700100,150,200,250,300,350,400,450,500,550,600,650,700]
%resultado = quantile(seguinte, [0.5])

notas = [45,52,60,68,74,78,82,85,88,92,9545, 52, 60, 68, 74, 78, 82, 85, 88, 92, 9545,52,60,68,74,78,82,85,88,92,95];
